1692210269.0705686, 2, 5M, 0.61 0.53 0.44 1/610 6555

1692210269.7725937, 2, 5M, 0.61 0.53 0.44 1/610 6571

1692211641.6609259, 2, 5M, 0.31 0.29 0.33 1/615 7417

1692213194.4609585, 2, 5M, 0.12 0.23 0.25 1/612 7686

1692213195.1462145, 2, 5M, 0.12 0.23 0.25 1/612 7702

1692213304.6528554, 2, 5M, 0.26 0.25 0.26 1/611 7736

1692213305.3448324, 2, 5M, 0.26 0.25 0.26 1/611 7752

1692213500.9694052, 2, 5M, 0.27 0.32 0.29 1/611 7812

1692213501.6805208, 2, 5M, 0.41 0.35 0.30 1/611 7828

1692213501.7050335, 2, 5M, 0.41 0.35 0.30 1/611 7832

1692213502.4071937, 2, 5M, 0.41 0.35 0.30 1/611 7846

1692213502.412385, 2, 5M, 0.41 0.35 0.30 1/611 7848

1692215700.7150197, 2, 5M, 0.37 0.34 0.33 1/605 8198

1692215819.476266, 2, 5M, 0.56 0.43 0.37 2/605 8259

1692215912.7028618, 2, 5M, 0.54 0.47 0.39 1/604 8318

1692215913.415044, 2, 5M, 0.57 0.48 0.39 1/604 8334

1692215966.7086816, 2, 5M, 0.52 0.48 0.39 1/605 8379

1692215967.40429, 2, 5M, 0.52 0.48 0.39 1/605 8395

1692215967.4253273, 2, 5M, 0.52 0.48 0.39 1/605 8399

1692215968.1021137, 2, 5M, 0.52 0.48 0.39 1/605 8413

1692215968.1058035, 2, 5M, 0.52 0.48 0.39 1/605 8415

